/Users/hesusheng/PycharmProjects/learning6/yolov4-pytorch/VOCdevkit/VOC2018/JPEGImages/200.jpg 463,241,575,422,0 386,62,474,188,0 231,236,309,392,1 295,211,366,369,1 354,203,425,332,1 423,184,472,249,1 487,168,546,257,1 544,157,599,284,1 595,186,665,318,1 438,235,486,337,1
/Users/hesusheng/PycharmProjects/learning6/yolov4-pytorch/VOCdevkit/VOC2018/JPEGImages/770.jpg 455,243,573,423,0 675,80,758,336,0 166,269,245,405,1 227,237,308,382,1 296,220,366,348,1 355,197,425,337,1 416,182,480,305,1 483,173,536,247,1 548,158,600,281,1 597,176,668,313,1
/Users/hesusheng/PycharmProjects/learning6/yolov4-pytorch/VOCdevkit/VOC2018/JPEGImages/995.jpg 452,236,578,426,0 701,124,782,346,0 162,265,243,398,1 248,285,307,386,1 289,217,368,368,1 359,204,427,338,1 422,184,486,310,1 482,162,536,239,1 551,158,610,286,1 594,180,660,317,1
/Users/hesusheng/PycharmProjects/learning6/yolov4-pytorch/VOCdevkit/VOC2018/JPEGImages/605.jpg 167,269,241,408,1 236,241,305,383,1 295,216,370,350,1 357,193,429,340,1 420,184,488,318,1 483,170,543,268,1 547,152,601,276,1 591,175,660,313,1 668,98,786,338,0 453,242,587,430,0
/Users/hesusheng/PycharmProjects/learning6/yolov4-pytorch/VOCdevkit/VOC2018/JPEGImages/1355.jpg 503,205,611,364,0 700,136,794,352,0 228,236,298,388,1 282,219,356,357,1 355,199,423,337,1 421,184,495,321,1 484,171,528,262,1 557,167,596,216,1 608,176,663,283,1
/Users/hesusheng/PycharmProjects/learning6/yolov4-pytorch/VOCdevkit/VOC2018/JPEGImages/560.jpg 166,269,248,413,1 228,239,307,389,1 294,214,370,350,1 358,205,426,337,1 419,184,486,307,1 485,176,549,268,1 549,162,599,280,1 584,190,659,311,1 453,244,591,427,0 662,124,758,338,0
/Users/hesusheng/PycharmProjects/learning6/yolov4-pytorch/VOCdevkit/VOC2018/JPEGImages/1220.jpg 224,237,289,374,1 282,212,370,361,1 423,185,477,313,1 486,159,544,245,1 553,153,602,286,1 608,180,658,311,1 453,237,567,435,0 359,106,451,362,0
/Users/hesusheng/PycharmProjects/learning6/yolov4-pytorch/VOCdevkit/VOC2018/JPEGImages/950.jpg 171,269,239,406,1 244,249,310,384,1 291,211,363,365,1 362,208,399,322,1 480,167,526,235,1 555,166,603,272,1 595,183,654,311,1 386,114,466,382,0 461,232,572,426,0
/Users/hesusheng/PycharmProjects/learning6/yolov4-pytorch/VOCdevkit/VOC2018/JPEGImages/830.jpg 161,270,245,405,1 237,248,307,386,1 289,215,372,347,1 354,202,425,332,1 419,183,486,311,1 482,168,533,237,1 550,168,600,282,1 599,175,654,315,1 452,228,574,427,0 706,82,792,341,0
/Users/hesusheng/PycharmProjects/learning6/yolov4-pytorch/VOCdevkit/VOC2018/JPEGImages/1085.jpg 235,291,307,453,1 222,241,273,302,1 286,211,360,348,1 357,202,431,339,1 421,186,482,306,1 472,170,541,253,1 569,159,622,216,1 567,216,636,319,1 454,242,569,426,0 701,126,788,347,0
/Users/hesusheng/PycharmProjects/learning6/yolov4-pytorch/VOCdevkit/VOC2018/JPEGImages/920.jpg 140,161,240,446,0 453,234,569,423,0 242,254,303,384,1 295,215,363,365,1 359,197,423,333,1 423,183,482,300,1 485,153,544,247,1 546,162,600,290,1 600,175,655,304,1
/Users/hesusheng/PycharmProjects/learning6/yolov4-pytorch/VOCdevkit/VOC2018/JPEGImages/470.jpg 676,115,785,336,0 449,228,576,427,0 170,270,241,411,1 228,253,308,388,1 292,206,362,346,1 355,199,424,337,1 411,184,484,311,1 484,161,545,235,1 548,154,598,276,1 594,177,653,314,1
/Users/hesusheng/PycharmProjects/learning6/yolov4-pytorch/VOCdevkit/VOC2018/JPEGImages/1130.jpg 248,318,336,483,1 223,236,289,321,1 274,209,362,317,1 355,202,423,341,1 420,184,481,304,1 475,170,537,242,1 589,194,637,314,1 568,165,605,216,1 689,120,783,351,0 449,241,575,433,0
/Users/hesusheng/PycharmProjects/learning6/yolov4-pytorch/VOCdevkit/VOC2018/JPEGImages/1040.jpg 699,124,787,345,0 447,241,571,435,0 162,270,245,409,1 245,288,309,380,1 290,211,370,365,1 362,206,432,342,1 421,184,489,311,1 484,165,538,245,1 555,157,604,272,1 595,182,654,330,1
/Users/hesusheng/PycharmProjects/learning6/yolov4-pytorch/VOCdevkit/VOC2018/JPEGImages/1055.jpg 450,242,588,419,0 701,129,795,348,0 159,272,240,399,1 218,234,288,371,1 291,209,370,351,1 357,198,425,324,1 419,184,488,305,1 490,158,549,270,1 598,184,664,319,1 550,167,607,279,1
/Users/hesusheng/PycharmProjects/learning6/yolov4-pytorch/VOCdevkit/VOC2018/JPEGImages/1445.jpg 223,236,296,378,1 288,223,369,359,1 361,200,433,342,1 419,187,497,316,1 490,159,544,242,1 558,156,598,269,1 607,184,662,314,1 492,242,615,392,0 670,105,764,330,0
/Users/hesusheng/PycharmProjects/learning6/yolov4-pytorch/VOCdevkit/VOC2018/JPEGImages/1490.jpg 484,220,615,398,0 673,111,766,333,0 224,239,300,378,1 284,221,367,356,1 360,188,417,338,1 422,183,486,326,1 491,165,528,231,1 555,167,607,262,1 612,186,669,313,1
/Users/hesusheng/PycharmProjects/learning6/yolov4-pytorch/VOCdevkit/VOC2018/JPEGImages/110.jpg 451,240,591,431,0 609,88,698,191,0 230,240,301,389,1 295,214,367,358,1 353,208,418,326,1 422,183,486,313,1 486,166,547,264,1 554,156,602,282,1 657,196,720,329,1 593,184,662,306,1
/Users/hesusheng/PycharmProjects/learning6/yolov4-pytorch/VOCdevkit/VOC2018/JPEGImages/1080.jpg 457,241,588,433,0 704,124,803,356,0 206,296,282,447,1 230,235,295,355,1 289,211,369,352,1 351,199,432,335,1 420,187,492,313,1 470,174,552,263,1 566,162,615,214,1 573,205,652,316,1
/Users/hesusheng/PycharmProjects/learning6/yolov4-pytorch/VOCdevkit/VOC2018/JPEGImages/515.jpg 165,270,241,411,1 228,244,304,387,1 297,217,371,348,1 356,200,422,316,1 423,184,487,310,1 486,173,547,257,1 549,152,595,282,1 590,181,654,317,1 451,245,578,426,0 674,130,784,336,0
/Users/hesusheng/PycharmProjects/learning6/yolov4-pytorch/VOCdevkit/VOC2018/JPEGImages/875.jpg 622,96,698,362,0 455,242,571,431,0 163,270,244,408,1 243,254,313,386,1 294,214,370,352,1 358,194,428,338,1 422,183,485,312,1 487,157,539,242,1 547,169,596,270,1 602,178,638,294,1
/Users/hesusheng/PycharmProjects/learning6/yolov4-pytorch/VOCdevkit/VOC2018/JPEGImages/1265.jpg 223,235,307,380,1 281,212,368,364,1 349,211,430,329,1 418,182,484,301,1 485,167,546,240,1 556,164,606,282,1 609,183,666,315,1 459,232,574,435,0 657,89,762,338,0
/Users/hesusheng/PycharmProjects/learning6/yolov4-pytorch/VOCdevkit/VOC2018/JPEGImages/860.jpg 699,86,782,343,0 451,238,571,435,0 159,273,243,411,1 240,249,314,389,1 297,216,369,351,1 357,206,435,342,1 428,182,487,315,1 484,161,539,240,1 547,175,596,285,1 595,173,653,320,1
/Users/hesusheng/PycharmProjects/learning6/yolov4-pytorch/VOCdevkit/VOC2018/JPEGImages/1310.jpg 226,242,296,383,1 286,220,356,363,1 358,197,425,338,1 419,180,485,309,1 488,159,540,245,1 553,157,601,285,1 598,178,642,320,1 457,235,573,425,0 701,136,799,346,0
/Users/hesusheng/PycharmProjects/learning6/yolov4-pytorch/VOCdevkit/VOC2018/JPEGImages/335.jpg 710,135,807,343,0 451,229,573,429,0 159,269,249,412,1 225,241,306,388,1 293,211,376,360,1 350,204,426,329,1 424,182,484,314,1 477,162,540,231,1 536,160,597,285,1 594,183,659,305,1
/Users/hesusheng/PycharmProjects/learning6/yolov4-pytorch/VOCdevkit/VOC2018/JPEGImages/725.jpg 168,272,242,408,1 230,239,312,389,1 299,212,371,351,1 360,192,430,340,1 421,184,485,311,1 479,175,547,264,1 547,156,600,279,1 596,178,662,310,1 451,247,584,423,0 676,80,759,337,0
/Users/hesusheng/PycharmProjects/learning6/yolov4-pytorch/VOCdevkit/VOC2018/JPEGImages/650.jpg 166,270,240,404,1 235,238,312,382,1 297,217,367,350,1 358,195,428,338,1 423,183,485,308,1 486,170,543,258,1 547,158,601,283,1 598,180,676,309,1 677,81,769,338,0 450,244,595,420,0
/Users/hesusheng/PycharmProjects/learning6/yolov4-pytorch/VOCdevkit/VOC2018/JPEGImages/245.jpg 165,278,249,407,1 228,240,315,387,1 301,212,368,352,1 352,202,425,331,1 418,184,488,316,1 483,165,531,231,1 536,165,595,292,1 596,183,659,323,1 457,229,575,419,0 442,59,501,199,0
/Users/hesusheng/PycharmProjects/learning6/yolov4-pytorch/VOCdevkit/VOC2018/JPEGImages/680.jpg 451,243,577,423,0 667,83,758,335,0 160,270,239,401,1 233,243,314,383,1 296,217,366,352,1 354,195,433,335,1 420,184,484,311,1 482,176,548,252,1 548,157,603,282,1 603,179,662,309,1
/Users/hesusheng/PycharmProjects/learning6/yolov4-pytorch/VOCdevkit/VOC2018/JPEGImages/290.jpg 665,107,766,365,0 456,230,573,434,0 165,276,234,397,1 223,235,312,394,1 296,205,359,357,1 351,201,419,335,1 422,180,481,312,1 479,162,540,234,1 539,158,601,288,1 594,175,655,311,1
/Users/hesusheng/PycharmProjects/learning6/yolov4-pytorch/VOCdevkit/VOC2018/JPEGImages/905.jpg 596,182,657,316,1 548,160,607,286,1 488,163,538,235,1 418,181,486,310,1 355,195,432,329,1 296,218,368,352,1 244,253,309,382,1 168,283,208,401,1 165,157,315,435,0 451,228,573,424,0
/Users/hesusheng/PycharmProjects/learning6/yolov4-pytorch/VOCdevkit/VOC2018/JPEGImages/695.jpg 164,271,245,409,1 229,243,308,395,1 299,214,371,350,1 359,194,425,335,1 420,178,477,306,1 482,170,543,252,1 545,157,598,276,1 600,180,664,317,1 450,245,579,422,0 677,81,759,335,0
/Users/hesusheng/PycharmProjects/learning6/yolov4-pytorch/VOCdevkit/VOC2018/JPEGImages/1400.jpg 223,242,304,382,1 288,222,369,360,1 350,200,435,337,1 423,187,488,313,1 488,162,530,251,1 547,158,606,237,1 614,183,671,297,1 498,211,609,388,0 675,104,756,334,0
/Users/hesusheng/PycharmProjects/learning6/yolov4-pytorch/VOCdevkit/VOC2018/JPEGImages/815.jpg 454,228,579,424,0 703,100,788,341,0 156,272,248,411,1 239,250,318,391,1 299,212,376,349,1 353,205,429,341,1 423,182,489,311,1 475,170,537,238,1 547,164,599,277,1 600,175,658,322,1
/Users/hesusheng/PycharmProjects/learning6/yolov4-pytorch/VOCdevkit/VOC2018/JPEGImages/785.jpg 450,244,570,423,0 674,79,769,341,0 172,276,242,406,1 232,236,310,387,1 300,215,366,346,1 356,189,430,336,1 422,183,473,302,1 484,172,553,254,1 548,160,603,283,1 600,175,665,317,1
/Users/hesusheng/PycharmProjects/learning6/yolov4-pytorch/VOCdevkit/VOC2018/JPEGImages/1205.jpg 460,240,578,432,0 350,103,451,355,0 219,242,294,386,1 284,217,375,351,1 425,186,490,310,1 480,164,554,254,1 550,159,603,282,1 600,186,659,313,1
/Users/hesusheng/PycharmProjects/learning6/yolov4-pytorch/VOCdevkit/VOC2018/JPEGImages/380.jpg 166,261,240,403,1 230,242,313,382,1 291,213,357,335,1 354,205,422,339,1 423,184,492,317,1 488,164,538,236,1 544,163,603,280,1 595,180,653,312,1 712,135,819,343,0 458,228,572,416,0
/Users/hesusheng/PycharmProjects/learning6/yolov4-pytorch/VOCdevkit/VOC2018/JPEGImages/425.jpg 163,264,242,404,1 225,230,299,382,1 298,209,368,344,1 359,199,431,332,1 421,186,485,315,1 487,165,539,233,1 541,165,603,286,1 591,183,667,307,1 715,125,811,347,0 459,223,574,435,0
/Users/hesusheng/PycharmProjects/learning6/yolov4-pytorch/VOCdevkit/VOC2018/JPEGImages/155.jpg 231,235,303,392,1 292,209,377,357,1 352,199,424,330,1 419,183,485,315,1 482,162,547,260,1 550,166,609,286,1 601,180,654,308,1 647,198,711,336,1 449,233,576,427,0 635,127,747,210,0
/Users/hesusheng/PycharmProjects/learning6/yolov4-pytorch/VOCdevkit/VOC2018/JPEGImages/965.jpg 166,265,244,403,1 241,251,302,387,1 292,213,362,365,1 355,206,427,335,1 418,184,488,311,1 551,165,600,272,1 596,186,659,322,1 464,103,536,239,0 460,231,570,430,0
/Users/hesusheng/PycharmProjects/learning6/yolov4-pytorch/VOCdevkit/VOC2018/JPEGImages/1175.jpg 456,242,574,423,0 536,87,593,270,0 225,241,285,368,1 278,212,363,355,1 356,205,423,340,1 420,186,477,309,1 495,161,535,237,1 593,191,658,299,1 756,593,891,664,1
/Users/hesusheng/PycharmProjects/learning6/yolov4-pytorch/VOCdevkit/VOC2018/JPEGImages/740.jpg 451,243,575,427,0 674,83,774,338,0 169,269,241,411,1 229,244,312,389,1 296,212,370,350,1 354,195,433,338,1 421,182,487,313,1 477,170,541,254,1 549,156,606,281,1 592,180,658,311,1
/Users/hesusheng/PycharmProjects/learning6/yolov4-pytorch/VOCdevkit/VOC2018/JPEGImages/1000.jpg 456,240,574,429,0 703,126,787,346,0 161,275,242,407,1 249,281,309,392,1 291,213,369,362,1 359,204,429,336,1 420,183,488,314,1 487,161,548,258,1 555,162,607,274,1 608,186,662,317,1
