0930
1390
1384
0924
0918
1435
1353
1347
0059
1421
0717
1409
0071
0065
0703
1192
1186
0298
1151
1637
0529
1623
1145
0273
0515
0501
0267
1179
1025
0449
1031
1019
0307
0461
0475
0313
0844
1582
0688
0850
1596
0878
0887
1541
0139
1227
1233
0893
1555
0663
0105
0111
1569
0677
0110
0676
1568
0662
0104
1232
1554
0892
1540
0886
1226
0138
0879
1597
0851
0689
1583
0845
0474
0312
0306
1018
0460
0448
1030
1024
0500
1178
0266
0272
0514
1622
1144
1150
0528
1636
0299
1187
1193
0064
0702
1408
0716
0070
0058
1346
1420
1434
1352
0919
1385
0925
0931
1391
0927
0099
1387
1393
0933
1422
1344
1350
0728
1436
0700
1378
0066
0072
0714
1185
1191
0258
1146
1620
1634
1152
0264
0502
1608
0516
0270
0489
1032
1026
0338
0310
0476
0462
0304
0853
1595
0847
1581
0890
1556
0648
1230
1224
0884
1542
0674
0112
0106
1218
0660
1219
0107
0661
0675
0113
1225
1543
0885
0649
1557
0891
1231
1580
0846
1594
0852
0463
0305
0311
0477
0339
1027
1033
0488
0517
1609
0271
0265
0503
1635
1153
1147
0259
1621
1190
1184
0073
0715
0701
0067
1379
1351
1437
0729
1423
1345
1392
0932
0926
1386
0098
1382
0922
0936
0088
1396
0063
0705
0711
1369
0077
1341
0739
1427
1433
1355
1180
1194
1619
0507
0261
0275
0513
1625
1143
0249
1157
1631
0498
0473
0315
0301
0467
1037
0329
1023
1590
0856
1584
0842
0117
1209
0671
0665
0103
1235
1553
0895
1547
0881
0659
1221
0658
0880
1546
1220
1234
0894
1552
0664
0102
1208
0116
0670
0843
1585
0857
1591
1022
0328
1036
0300
0466
0472
0314
0499
1156
0248
1630
1624
1142
0274
0512
0506
1618
0260
1195
1181
1432
1354
1340
1426
0738
0710
0076
1368
0062
0704
0937
1397
0089
1383
0923
0909
1395
0935
0921
1381
0074
0712
0706
1418
0060
1356
0048
1430
1424
1342
1197
0289
1183
0510
0276
1168
0262
0504
1632
1154
1140
1626
0538
0464
0302
1008
0316
0470
0458
1020
1034
0869
0699
1587
0841
1593
0855
0100
1578
0666
0672
0114
1222
1544
0882
1550
0896
0128
1236
0897
1551
1237
0129
1223
0883
1545
0673
0115
0101
0667
1579
0854
1592
0840
1586
0698
0868
1035
0459
1021
0317
1009
0471
0465
0303
1141
0539
1627
1633
1155
0263
0505
0511
1169
0277
1182
0288
1196
1425
1343
0049
1357
1431
1419
0707
0061
0075
0713
0920
1380
1394
0934
0908
1495
0953
1481
0947
1330
0748
1456
0990
1442
0984
1324
0012
0774
0760
1318
0006
0589
1654
1132
0238
1126
1640
0576
0210
0204
0562
1085
1091
1046
0358
1052
0402
0364
0370
0416
1287
0199
0827
0833
1293
1244
1522
1536
0628
1250
0166
1278
0600
0614
0172
0615
0173
1279
0167
0601
0629
1537
1251
1245
1523
0832
1292
0198
1286
0826
0371
0417
0403
0365
1053
0359
1047
1090
1084
0205
0563
0577
0211
1127
0239
1641
1655
1133
0588
0761
0007
1319
0013
0775
0985
1443
1325
1331
0991
1457
0749
0946
1480
0952
1494
1482
0944
1496
0950
0788
0978
1327
0039
1441
0987
1455
0993
1333
0005
0763
0777
1469
0011
1643
1125
1131
0549
0561
0207
1119
0213
0575
1092
0398
1086
0429
1051
1045
0415
0373
1079
0367
0401
1290
0830
0824
1284
0818
1253
1535
1521
0159
1247
0171
1509
0617
0603
0165
0602
0164
0170
0616
1508
1520
1246
0158
1252
1534
0819
0825
1285
1291
0831
0366
1078
0400
0414
0372
1044
0428
1050
1087
0399
1093
0212
0574
0560
1118
0206
1130
0548
1642
1124
1468
0776
0010
0004
0762
0992
1454
1332
0038
1326
0986
1440
0979
0789
0951
1497
0945
1483
0969
0941
1487
0799
0955
1493
0766
1478
0014
0772
0982
1444
1322
1336
0028
0996
1450
0202
0564
0570
0216
1108
1120
1646
0558
1652
1134
0389
1097
1083
1068
0376
0410
0404
0362
1054
0438
1040
0809
0835
1295
1281
0821
0612
0174
0160
1518
0606
1530
0148
1256
1242
1524
1243
1525
1531
1257
0149
0161
0607
1519
0613
0175
1280
0820
0834
1294
0808
0439
1041
1055
0405
0363
0377
1069
0411
1082
1096
0388
1653
1135
1121
0559
1647
0571
1109
0217
0203
0565
0029
1337
1451
0997
1445
0983
1323
0015
0773
1479
0767
0001
1492
0954
0798
1486
0940
0968
0956
1490
0942
1484
0771
1309
0017
0003
0765
0995
1453
1335
1321
0759
0981
1447
0598
0215
0573
0567
0201
0229
1137
1651
1645
1123
1080
1094
0361
0407
0413
0375
1043
1057
0349
0822
1282
1296
0188
0836
0605
0163
0177
1269
0611
1527
0639
1241
1255
1533
1254
1532
0638
1526
1240
1268
0176
0610
0604
0162
0189
1297
0837
0823
1283
0348
1056
1042
0412
0374
0360
0406
1095
1081
1644
1122
1136
0228
1650
0566
0200
0214
0572
0599
1320
1446
0980
0758
1452
0994
1334
0002
0764
0770
0016
1308
1485
0943
1491
0957
0972
0966
1488
0796
0782
1311
0769
1477
1463
1305
0033
0755
0741
0999
1339
0027
0594
0580
1113
0219
1107
1649
0557
0231
0225
0543
0386
1098
0392
1067
0379
1073
0423
0345
0351
0437
0806
0812
0184
0190
1265
1503
1517
0609
1271
0147
1259
0621
0635
0153
0634
0152
1258
0146
0620
0608
1516
1270
1264
1502
0191
0185
0813
0807
0350
0436
0422
0344
1072
0378
1066
0393
1099
0387
0224
0542
0556
1648
0230
1106
0218
1112
0581
0595
0998
0740
0026
1338
0032
0754
1462
1304
1310
1476
0768
0783
0797
1489
0967
0973
0965
0971
0959
0781
0795
1306
0018
1460
1474
1312
0024
0742
0756
1448
0030
0583
0597
1104
1110
0568
0540
0226
1138
0232
0554
0391
0385
0408
1070
1064
0434
0352
1058
0346
0420
0811
0805
0193
0839
1299
0187
1272
1514
1500
0178
1266
0150
1528
0636
0622
0144
0623
0145
0151
0637
1529
1501
1267
0179
1273
1515
0838
0186
1298
0192
0804
0810
0347
1059
0421
0435
0353
1065
0409
1071
0384
0390
0233
0555
0541
1139
0227
1111
0569
1105
0596
0582
1449
0757
0031
0025
0743
1475
1313
0019
1307
1461
0794
0780
0958
0970
0964
0784
0948
0790
0960
0974
0747
1459
0021
0035
0753
1465
1303
1317
0009
1471
0586
0592
0223
0545
0551
0237
1129
1101
0579
1115
0394
0380
1049
0357
0431
0425
0343
1075
0419
1061
0828
1288
0196
0182
0814
0800
0633
0155
0141
1539
0627
1511
0169
1277
1263
1505
1262
1504
1510
1276
0168
0140
0626
1538
0632
0154
0801
0815
0183
0829
0197
1289
0418
1060
1074
0424
0342
0356
1048
0430
0381
0395
1114
1100
0578
0550
1128
0236
0222
0544
0593
0587
0008
1316
1470
1464
1302
0034
0752
1458
0746
0020
0975
0961
0791
0949
0785
0793
1499
0787
0977
0963
0750
0988
1328
0036
0022
0744
1472
1314
1300
0778
1466
0591
0585
0234
0552
0546
0220
0208
1116
1102
0383
0397
1089
0340
0426
0432
0354
1062
1076
0368
0181
0195
0803
0817
0624
0142
0156
1248
0630
1506
0618
1260
1274
1512
1275
1513
0619
1507
1261
1249
0157
0631
0625
0143
0816
0802
0194
0180
0369
1077
1063
0433
0355
0341
0427
1088
0396
0382
1103
1117
0209
0547
0221
0235
0553
0584
0590
1301
1467
0779
1473
1315
0023
0745
0989
0751
0037
1329
0962
0976
0786
1498
0792
0911
0905
0093
0087
1399
0939
1414
1372
1366
0078
1400
0736
1428
0050
0044
0722
0291
0285
1170
1616
0508
1602
1164
0252
0534
0520
0246
1158
0483
0497
1004
0468
1010
1038
0326
0440
0454
0332
0865
0871
0681
0859
0695
1560
0118
1206
1212
1574
0642
0124
0130
1548
0656
0131
0657
1549
0643
0125
1213
1575
1561
1207
0119
0694
0858
0680
0870
0864
0455
0333
0327
1039
0441
0469
1011
1005
0496
0482
0521
1159
0247
0253
0535
1603
1165
1171
0509
1617
0284
0290
0045
0723
1429
0737
0051
0079
1367
1401
1415
1373
1398
0086
0938
0092
0904
0910
0906
0912
0084
0090
1403
1365
1371
0709
1417
0721
1359
0047
0053
0735
1198
0286
0292
0279
1167
1601
1615
1173
0245
0523
1629
0537
0251
0494
0480
1013
1007
0319
0331
0457
0443
0325
0872
0866
0696
1588
0682
1577
0669
1211
1205
1563
0655
0133
0127
1239
0899
0641
1238
0126
0640
0898
0654
0132
1204
1562
0668
1576
1210
0683
1589
0697
0867
0873
0442
0324
0330
0456
0318
1006
1012
0481
0495
0536
1628
0250
0244
0522
1614
1172
1166
0278
1600
0293
0287
1199
0052
0734
0720
0046
1358
1370
1416
0708
1402
1364
0091
0085
0913
0907
0081
0095
0903
0917
0042
0724
0730
1348
0056
1360
0718
1406
1412
1374
0283
1189
0297
1638
0526
0240
0254
0532
1604
1162
0268
1176
1610
0491
0485
0452
0334
0320
0446
1016
0308
1002
0693
0687
1599
0877
0863
0136
1228
0888
0650
0644
0122
1214
1572
1566
0678
1200
0679
1567
1201
1215
1573
0645
0123
1229
0137
0651
0889
0862
0876
1598
0686
0692
1003
0309
1017
0321
0447
0453
0335
0484
0490
1177
0269
1611
1605
1163
0255
0533
0527
1639
0241
0296
1188
0282
1413
1375
1361
1407
0719
0731
0057
1349
0043
0725
0916
0902
0094
0080
0096
1388
0928
0082
0914
0900
0055
0733
0727
1439
0041
1377
0069
1411
1405
1363
0294
0280
0531
0257
1149
0243
0525
1613
1175
1161
1607
0519
0486
0492
0445
0323
1029
0337
0451
0479
1001
1015
0684
0690
0848
0860
0874
0121
1559
0647
0653
0135
1203
1565
1571
0109
1217
1570
1216
0108
1202
1564
0652
0134
0120
0646
1558
0875
0861
0849
0691
0685
1014
0478
1000
0336
1028
0450
0444
0322
0493
0487
1160
0518
1606
1612
1174
0242
0524
0530
1148
0256
0281
0295
1404
1362
0068
1376
1410
1438
0726
0040
0054
0732
0901
0915
0083
1389
0097
0929
